# 原版（机动战士高达SEED C.E. 世代）OP 的「每轮起点」时刻 —— 抄自用户提供的完整 PCSX2 日志
#
# 日志关键行：
#   [27796.1953] (VMManager) Resuming...
#   [27798.1309] DVCI: File cache was not hit. "MOV.AFS;1"
#   [27798.1484] DvdRead: Reading Sector 0574044 (001 Blocks of Size 2064)  <- 探测读（FMV 首扇区）
#   [27798.2988] 第一轮起点 574045：3 + 64(574048) + 64(574112) + 61(574176)
#   [27798.6270] FMV started
#   [27904.2383] 最后一笔读：0621344 (046)   <- 尾轮 3+64+46=113 扇区，结束于 621389
#   [27908.0254] FMV ended
#
# 结构：247 轮 = 246 个完整轮（3+64+64+61 = 192 扇区）+ 1 个尾轮（3+64+46 = 113 扇区）
# 数据范围：574045 .. 621389 = 47345 扇区 = 92.47 MiB（与汉化版完全相同）
# 每行 = 「轮起点时刻(秒)  轮起点 LBA」；轮号 k 的 LBA 必须 = 574045 + 192*k
27798.2988 574045
27798.6387 574237
27798.8477 574429
27800.3652 574621
27801.0000 574813
27801.5684 575005
27802.2012 575197
27802.8027 575389
27803.3691 575581
27803.9043 575773
27804.3379 575965
27804.9043 576157
27805.5059 576349
27806.0723 576541
27806.5391 576733
27807.0566 576925
27807.6074 577117
27808.2070 577309
27808.8418 577501
27809.3418 577693
27809.9102 577885
27810.5098 578077
27811.0781 578269
27811.6113 578461
27812.1113 578653
27812.6797 578845
27813.2129 579037
27813.7813 579229
27814.3145 579421
27814.7148 579613
27815.0156 579805
27815.4824 579997
27816.5820 580189
27817.0156 580381
27817.5176 580573
27818.0176 580765
27818.4512 580957
27818.9023 581149
27819.3184 581341
27819.7031 581533
27820.1035 581725
27820.4199 581917
27820.8203 582109
27821.2207 582301
27821.6543 582493
27821.9551 582685
27822.3223 582877
27822.7227 583069
27823.0898 583261
27823.4219 583453
27823.8555 583645
27824.2246 583837
27824.5918 584029
27824.9238 584221
27825.2578 584413
27825.6582 584605
27826.1094 584797
27826.4766 584989
27826.8262 585181
27827.1934 585373
27827.6270 585565
27827.9609 585757
27828.3281 585949
27828.7285 586141
27829.1289 586333
27829.4629 586525
27830.0801 586717
27830.6797 586909
27831.3301 587101
27831.9824 587293
27832.7324 587485
27833.2324 587677
27833.7324 587869
27834.2344 588061
27834.8340 588253
27835.1680 588445
27835.6348 588637
27836.0352 588829
27836.4355 589021
27836.8359 589213
27837.2363 589405
27837.6367 589597
27838.0371 589789
27838.3379 589981
27838.8223 590173
27839.1387 590365
27839.5391 590557
27839.9395 590749
27840.3066 590941
27840.7070 591133
27841.1074 591325
27841.4414 591517
27841.9414 591709
27842.4414 591901
27842.7754 592093
27843.4082 592285
27843.6426 592477
27844.0430 592669
27844.6113 592861
27845.3125 593053
27845.6445 593245
27846.0449 593437
27846.4453 593629
27846.8301 593821
27847.1973 594013
27847.6133 594205
27848.0469 594397
27848.4473 594589
27848.8809 594781
27849.2324 594973
27849.5820 595165
27849.9492 595357
27850.3320 595549
27850.7500 595741
27851.2852 595933
27851.5508 596125
27851.9844 596317
27852.3848 596509
27852.7520 596701
27853.1191 596893
27853.4863 597085
27853.8535 597277
27854.2539 597469
27854.6875 597661
27855.0215 597853
27855.3887 598045
27855.7891 598237
27856.2559 598429
27856.6895 598621
27857.0898 598813
27857.4570 599005
27857.8574 599197
27858.2578 599389
27858.6250 599581
27858.9922 599773
27859.3594 599965
27859.7578 600157
27860.1602 600349
27860.4922 600541
27860.8594 600733
27861.2598 600925
27861.5938 601117
27861.9941 601309
27862.3613 601501
27862.7637 601693
27863.1621 601885
27863.6621 602077
27864.0469 602269
27864.6465 602461
27865.1641 602653
27865.6328 602845
27865.8984 603037
27866.4648 603229
27866.8320 603421
27867.1660 603613
27867.5684 603805
27868.0000 603997
27868.3672 604189
27868.7012 604381
27869.1191 604573
27869.4688 604765
27869.8691 604957
27870.3027 605149
27870.6367 605341
27870.9707 605533
27871.3027 605725
27872.0703 605917
27872.3711 606109
27872.7227 606301
27873.2051 606493
27873.6406 606685
27874.1406 606877
27874.5742 607069
27874.8750 607261
27875.2754 607453
27875.7246 607645
27876.1094 607837
27876.4746 608029
27876.8594 608221
27877.2090 608413
27877.5762 608605
27878.0273 608797
27878.3770 608989
27878.8105 609181
27879.1777 609373
27879.5449 609565
27879.9121 609757
27880.2461 609949
27880.6797 610141
27881.0469 610333
27881.4141 610525
27881.7813 610717
27882.2324 610909
27882.5820 611101
27882.9336 611293
27883.3320 611485
27883.7168 611677
27884.1172 611869
27884.4336 612061
27884.8184 612253
27885.1504 612445
27885.5840 612637
27885.9863 612829
27886.3184 613021
27886.6855 613213
27887.0859 613405
27887.4199 613597
27887.8203 613789
27888.2207 613981
27888.5879 614173
27888.9883 614365
27889.3555 614557
27889.7383 614749
27890.0898 614941
27890.4902 615133
27890.8906 615325
27891.2754 615517
27891.8242 615709
27892.1582 615901
27892.4922 616093
27892.9922 616285
27893.3262 616477
27893.6934 616669
27894.0762 616861
27894.4766 617053
27894.8281 617245
27895.1934 617437
27895.5938 617629
27895.9961 617821
27896.3613 618013
27896.7285 618205
27897.1309 618397
27897.4961 618589
27897.8984 618781
27898.2813 618973
27898.6973 619165
27899.1992 619357
27899.7988 619549
27900.0664 619741
27900.3984 619933
27900.7676 620125
27901.1992 620317
27901.5996 620509
27902.2012 620701
27902.9688 620893
27903.6016 621085
27904.2031 621277
